              coef.base_model.      X2.5..    X97.5..
(Intercept)        -1.49707607 -2.05578741 -0.9383647
RIAGENDR2          -0.44409611 -0.69387445 -0.1943178
RIDRETH32          -0.01452244 -0.33419805  0.3051532
RIDRETH33           0.23523991 -0.01181331  0.4822931
RIDRETH34           0.70057763  0.46487208  0.9362832
RIDRETH36           0.69094639  0.38145348  1.0004393
RIDRETH37           0.49709775 -0.10874599  1.1029415
DMDEDUC22          -0.41103015 -0.92588289  0.1038226
DMDEDUC23          -0.20318753 -0.56748293  0.1611079
DMDEDUC24          -0.29771745 -0.73731867  0.1418838
DMDEDUC25          -0.51391097 -0.92153112 -0.1062908
DMDMARTL2           0.70074371  0.25427770  1.1472097
DMDMARTL3           0.11612635 -0.14461701  0.3768697
DMDMARTL4           0.47426422 -0.07662297  1.0251514
DMDMARTL5           0.04353494 -0.31199215  0.3990620
DMDMARTL6           0.01086550 -0.26154506  0.2832761
age_cluster2        1.41121135  1.11422596  1.7081967
age_cluster3        2.23578417  1.83208425  2.6394841
FIPR_cluster2      -0.09109452 -0.38865212  0.2064631
FIPR_cluster3      -0.12713283 -0.36555943  0.1112938
BMI_category1      -0.24890575 -1.11307073  0.6152592
BMI_category2       0.58481907  0.35904673  0.8105914
BMI_category3       1.16978369  0.94523943  1.3943280
LBDCOTLC1           0.06653399 -0.21122659  0.3442946
ALQ1012            -0.02798638 -0.24366404  0.1876913

     Cutoff Missclassification Sensitivity Specificity       AuC
1 0.4789035             0.2801   0.7869074   0.6412295 0.7829194

Confusion matrix
The columns are actuals, while rows are predicteds
     0    1
0 1210  472
1  677 1743
                            coef.base_model.        X2.5..      X97.5..
(Intercept)                      0.687305003  -0.636818278  2.011428284
RIAGENDR2                       -0.759318776  -1.661726637  0.143089085
RIDRETH32                        1.863654461  -0.317031771  4.044340693
RIDRETH33                        0.818281709  -1.130418566  2.766981983
RIDRETH34                        0.203476707  -2.723130145  3.130083558
RIDRETH36                        0.415007743  -1.944348783  2.774364270
RIDRETH37                        2.010936317  -2.371361631  6.393234265
DMDEDUC22                       -2.181732668  -4.203175055 -0.160290280
DMDEDUC23                       -1.797689816  -3.682375810  0.086996178
DMDEDUC24                       -1.930653325  -3.481527107 -0.379779544
DMDEDUC25                       -2.840127031  -4.320696866 -1.359557196
DMDMARTL2                       -1.531692950  -5.348232547  2.284846648
DMDMARTL3                        1.890280836  -0.564580446  4.345142118
DMDMARTL4                        0.793384730  -2.515035568  4.101805029
DMDMARTL5                       -0.516853259  -1.804446924  0.770740407
DMDMARTL6                       -1.412302507  -2.892427387  0.067822372
age_cluster2                    -0.495817942  -1.340320392  0.348684509
age_cluster3                     2.024976708   1.054481979  2.995471436
FIPR_cluster2                   -0.574308613  -2.131689189  0.983071963
FIPR_cluster3                   -0.324115939  -1.543744329  0.895512452
BMI_category1                  -22.732301234 -59.222909300 13.758306833
BMI_category2                   -0.759502158  -1.928912220  0.409907905
BMI_category3                   -0.481434370  -1.611571855  0.648703115
LBDCOTLC1                       -0.378415004  -1.617521677  0.860691669
ALQ1012                         -0.174255987  -1.083674723  0.735162750
RIAGENDR2:RIDRETH32             -0.026614183  -0.761698369  0.708470003
RIAGENDR2:RIDRETH33              0.314686270  -0.222897101  0.852269642
RIAGENDR2:RIDRETH34              0.717957442   0.057778318  1.378136567
RIAGENDR2:RIDRETH36              0.690495967  -0.127442082  1.508434016
RIAGENDR2:RIDRETH37              1.511791393   0.214485195  2.809097591
RIAGENDR2:DMDEDUC22              0.484325562  -0.543493557  1.512144682
RIAGENDR2:DMDEDUC23              0.082766240  -0.936742000  1.102274479
RIAGENDR2:DMDEDUC24             -0.190511464  -1.225599971  0.844577042
RIAGENDR2:DMDEDUC25             -0.271642364  -1.265470387  0.722185659
RIAGENDR2:DMDMARTL2              0.115935352  -1.026735551  1.258606256
RIAGENDR2:DMDMARTL3             -0.801407713  -1.378816221 -0.223999204
RIAGENDR2:DMDMARTL4              0.160789318  -1.633652705  1.955231340
RIAGENDR2:DMDMARTL5              0.213781865  -0.365543827  0.793107558
RIAGENDR2:DMDMARTL6              0.074946500  -0.947033762  1.096926763
RIAGENDR2:age_cluster2           0.993053671   0.542173560  1.443933782
RIAGENDR2:age_cluster3           2.045182640   1.478861839  2.611503442
RIAGENDR2:FIPR_cluster2         -0.116802731  -0.654356513  0.420751052
RIAGENDR2:FIPR_cluster3         -0.407345407  -0.921405698  0.106714885
RIAGENDR2:BMI_category1         10.029046551  -3.151053785 23.209146887
RIAGENDR2:BMI_category2         -0.637928959  -1.168159575 -0.107698342
RIAGENDR2:BMI_category3         -0.287471752  -0.709705323  0.134761819
RIAGENDR2:LBDCOTLC1             -0.248555313  -0.806915668  0.309805042
RIAGENDR2:ALQ1012               -0.215927299  -0.843803542  0.411948944
RIDRETH32:DMDEDUC22             -0.720980714  -1.981678781  0.539717353
RIDRETH33:DMDEDUC22              0.069989399  -1.440348472  1.580327271
RIDRETH34:DMDEDUC22              2.101470135   0.663579277  3.539360993
RIDRETH36:DMDEDUC22             -0.355239349  -1.968532062  1.258053365
RIDRETH37:DMDEDUC22              1.898703998  -0.879606984  4.677014979
RIDRETH32:DMDEDUC23             -0.585093626  -2.078656691  0.908469439
RIDRETH33:DMDEDUC23              0.530469073  -0.584886792  1.645824938
RIDRETH34:DMDEDUC23              2.301892359   0.508827195  4.094957522
RIDRETH36:DMDEDUC23              1.213721473  -0.984374825  3.411817771
RIDRETH37:DMDEDUC23              4.237494091   1.041558917  7.433429264
RIDRETH32:DMDEDUC24             -0.669201381  -2.012624488  0.674221726
RIDRETH33:DMDEDUC24              0.613244911  -0.756558134  1.983047957
RIDRETH34:DMDEDUC24              1.989560178   0.346241124  3.632879232
RIDRETH36:DMDEDUC24              1.286200829  -0.338866025  2.911267683
RIDRETH37:DMDEDUC24              2.932157129   0.261914747  5.602399511
RIDRETH32:DMDEDUC25             -0.210531782  -1.492671138  1.071607574
RIDRETH33:DMDEDUC25              0.848536122  -0.315894632  2.012966875
RIDRETH34:DMDEDUC25              1.987147606   0.046215385  3.928079827
RIDRETH36:DMDEDUC25              1.350586856  -0.521192221  3.222365933
RIDRETH37:DMDEDUC25              2.542532095  -0.161963998  5.247028188
RIDRETH32:DMDMARTL2             -0.052278176  -1.427815134  1.323258781
RIDRETH33:DMDMARTL2              0.332811583  -1.318304595  1.983927762
RIDRETH34:DMDMARTL2             -0.546675770  -2.956474975  1.863123434
RIDRETH36:DMDMARTL2              0.175112763  -2.071238469  2.421463995
RIDRETH37:DMDMARTL2             -0.835996349  -5.386766976  3.714774277
RIDRETH32:DMDMARTL3             -0.888727493  -1.962296871  0.184841885
RIDRETH33:DMDMARTL3             -0.704700072  -1.866346108  0.456945964
RIDRETH34:DMDMARTL3             -0.811179932  -1.974408568  0.352048705
RIDRETH36:DMDMARTL3             -0.340202164  -1.458522830  0.778118503
RIDRETH37:DMDMARTL3             -1.084529338  -2.864113787  0.695055111
RIDRETH32:DMDMARTL4             -0.506206120  -2.165855268  1.153443029
RIDRETH33:DMDMARTL4             -1.077959430  -2.942183919  0.786265060
RIDRETH34:DMDMARTL4             -2.316306899  -4.942067637  0.309453839
RIDRETH36:DMDMARTL4             -2.506556426  -6.340409908  1.327297055
RIDRETH37:DMDMARTL4             -2.989456129  -5.568419871 -0.410492387
RIDRETH32:DMDMARTL5             -0.614116604  -1.760233457  0.532000248
RIDRETH33:DMDMARTL5             -0.284442030  -1.124364492  0.555480432
RIDRETH34:DMDMARTL5             -0.714729529  -2.149774227  0.720315169
RIDRETH36:DMDMARTL5             -0.858959753  -2.282773599  0.564854093
RIDRETH37:DMDMARTL5             -1.820583311  -4.059653898  0.418487277
RIDRETH32:DMDMARTL6             -0.563103762  -1.891009490  0.764801966
RIDRETH33:DMDMARTL6             -0.530251623  -1.376236139  0.315732892
RIDRETH34:DMDMARTL6             -0.996164287  -2.411798880  0.419470305
RIDRETH36:DMDMARTL6             -0.393301302  -2.074234171  1.287631567
RIDRETH37:DMDMARTL6             -2.059715071  -4.536258939  0.416828797
RIDRETH32:age_cluster2           0.641527994  -0.217013991  1.500069979
RIDRETH33:age_cluster2           0.114345757  -0.514476674  0.743168188
RIDRETH34:age_cluster2           0.403109657  -0.306168072  1.112387386
RIDRETH36:age_cluster2           0.128731259  -0.736009736  0.993472255
RIDRETH37:age_cluster2          -0.291080475  -1.486574325  0.904413374
RIDRETH32:age_cluster3           0.055716018  -1.594331266  1.705763303
RIDRETH33:age_cluster3          -0.793168765  -1.846808879  0.260471350
RIDRETH34:age_cluster3           0.072633068  -0.946444693  1.091710829
RIDRETH36:age_cluster3          -0.317495554  -1.497123827  0.862132718
RIDRETH37:age_cluster3          -0.226644500  -1.878644736  1.425355736
RIDRETH32:FIPR_cluster2         -1.411999118  -2.227454795 -0.596543441
RIDRETH33:FIPR_cluster2         -0.986784838  -2.083478277  0.109908601
RIDRETH34:FIPR_cluster2         -1.399672595  -2.516586613 -0.282758576
RIDRETH36:FIPR_cluster2          0.526694778  -0.639037098  1.692426654
RIDRETH37:FIPR_cluster2         -0.658714462  -2.836704716  1.519275793
RIDRETH32:FIPR_cluster3         -1.478121068  -2.006815493 -0.949426644
RIDRETH33:FIPR_cluster3         -1.178867408  -1.961969314 -0.395765501
RIDRETH34:FIPR_cluster3         -1.844355842  -2.561078236 -1.127633447
RIDRETH36:FIPR_cluster3         -0.268046189  -1.067162748  0.531070371
RIDRETH37:FIPR_cluster3         -2.004829649  -4.235916562  0.226257264
RIDRETH32:BMI_category1         16.212689097   7.650487518 24.774890677
RIDRETH33:BMI_category1         29.098243002   4.419149069 53.777336934
RIDRETH34:BMI_category1         27.697198628  -0.302644032 55.697041288
RIDRETH36:BMI_category1         30.167639926   1.891560152 58.443719701
RIDRETH37:BMI_category1         -4.870461353 -25.641707233 15.900784526
RIDRETH32:BMI_category2         -0.433926665  -1.727140361  0.859287030
RIDRETH33:BMI_category2         -0.008895832  -1.128152036  1.110360372
RIDRETH34:BMI_category2          0.292401858  -1.027421621  1.612225337
RIDRETH36:BMI_category2          0.152324185  -0.989746633  1.294395003
RIDRETH37:BMI_category2          0.162162316  -1.851540599  2.175865230
RIDRETH32:BMI_category3         -0.277091702  -1.575268714  1.021085311
RIDRETH33:BMI_category3         -0.191236210  -1.229888378  0.847415959
RIDRETH34:BMI_category3          0.023910850  -1.489083116  1.536904817
RIDRETH36:BMI_category3          0.050185721  -2.086378581  2.186750023
RIDRETH37:BMI_category3         -1.438538581  -3.648772247  0.771695084
RIDRETH32:LBDCOTLC1             -0.079259794  -0.671992569  0.513472981
RIDRETH33:LBDCOTLC1              0.098233518  -0.519755416  0.716222453
RIDRETH34:LBDCOTLC1             -0.114893879  -0.985526449  0.755738692
RIDRETH36:LBDCOTLC1             -0.519904966  -1.186652018  0.146842085
RIDRETH37:LBDCOTLC1             -1.986379673  -3.836588384 -0.136170961
RIDRETH32:ALQ1012               -0.456777172  -1.248167216  0.334612871
RIDRETH33:ALQ1012               -0.505974533  -1.070947432  0.058998366
RIDRETH34:ALQ1012               -0.665113790  -1.425477738  0.095250157
RIDRETH36:ALQ1012               -1.147274747  -2.628435717  0.333886224
RIDRETH37:ALQ1012               -0.863008147  -2.061070292  0.335053999
DMDEDUC22:DMDMARTL2             -0.113114906  -1.879798388  1.653568577
DMDEDUC23:DMDMARTL2             -0.284573862  -1.878813700  1.309665975
DMDEDUC24:DMDMARTL2              0.553899954  -1.106308204  2.214108112
DMDEDUC25:DMDMARTL2              1.845576743  -0.296179386  3.987332871
DMDEDUC22:DMDMARTL3             -1.552703042  -3.108820245  0.003414162
DMDEDUC23:DMDMARTL3             -1.184630291  -2.707851858  0.338591276
DMDEDUC24:DMDMARTL3             -0.411112942  -1.786116190  0.963890306
DMDEDUC25:DMDMARTL3             -0.110887196  -1.810137930  1.588363539
DMDEDUC22:DMDMARTL4             -0.603540471  -2.703734716  1.496653774
DMDEDUC23:DMDMARTL4              0.236343181  -2.030674169  2.503360531
DMDEDUC24:DMDMARTL4              0.496269255  -1.503289858  2.495828367
DMDEDUC25:DMDMARTL4              1.630500757  -1.001738223  4.262739737
DMDEDUC22:DMDMARTL5              0.200309033  -1.089384730  1.490002797
DMDEDUC23:DMDMARTL5             -0.558357975  -1.814022450  0.697306500
DMDEDUC24:DMDMARTL5             -0.525915749  -1.497102335  0.445270836
DMDEDUC25:DMDMARTL5              0.102193314  -0.823217853  1.027604481
DMDEDUC22:DMDMARTL6              0.231890288  -1.128952942  1.592733518
DMDEDUC23:DMDMARTL6              0.141635249  -1.305521662  1.588792159
DMDEDUC24:DMDMARTL6             -0.356458666  -1.586897904  0.873980573
DMDEDUC25:DMDMARTL6              0.449365382  -1.391322522  2.290053285
DMDEDUC22:age_cluster2           1.775479684   1.135917652  2.415041715
DMDEDUC23:age_cluster2           1.557713774   0.848579957  2.266847591
DMDEDUC24:age_cluster2           0.794513731  -0.039404011  1.628431473
DMDEDUC25:age_cluster2           1.432283754   0.595872678  2.268694830
DMDEDUC22:age_cluster3           1.524591245   0.576196316  2.472986174
DMDEDUC23:age_cluster3           0.301346237  -0.859075603  1.461768076
DMDEDUC24:age_cluster3          -0.386930982  -1.547755806  0.773893843
DMDEDUC25:age_cluster3           0.295861495  -0.870418410  1.462141399
DMDEDUC22:FIPR_cluster2          0.182898643  -0.928021460  1.293818746
DMDEDUC23:FIPR_cluster2          0.550680950  -0.439301340  1.540663240
DMDEDUC24:FIPR_cluster2          0.515436377  -0.705435828  1.736308581
DMDEDUC25:FIPR_cluster2          0.022117867  -1.405751378  1.449987112
DMDEDUC22:FIPR_cluster3         -0.115658738  -1.071670690  0.840353214
DMDEDUC23:FIPR_cluster3          0.710451477  -0.151904164  1.572807119
DMDEDUC24:FIPR_cluster3          0.914854541   0.149264574  1.680444508
DMDEDUC25:FIPR_cluster3          0.407077475  -0.759391545  1.573546496
DMDEDUC22:BMI_category1        -44.397808741 -91.060300140  2.264682659
DMDEDUC23:BMI_category1        -17.752040096 -26.130683869 -9.373396322
DMDEDUC24:BMI_category1        -20.537104953 -32.602963787 -8.471246118
DMDEDUC25:BMI_category1        -10.187995251 -17.735340821 -2.640649680
DMDEDUC22:BMI_category2          0.639533789  -0.561022666  1.840090243
DMDEDUC23:BMI_category2          0.561866675  -0.934758270  2.058491620
DMDEDUC24:BMI_category2          0.889174353  -0.326361319  2.104710025
DMDEDUC25:BMI_category2          1.024290910  -0.290929042  2.339510861
DMDEDUC22:BMI_category3          0.760216150  -0.373725776  1.894158076
DMDEDUC23:BMI_category3          0.316014213  -1.142348794  1.774377220
DMDEDUC24:BMI_category3          1.059170837  -0.245092534  2.363434208
DMDEDUC25:BMI_category3          1.116011380  -0.181748872  2.413771632
DMDEDUC22:LBDCOTLC1             -0.228125741  -1.234730419  0.778478938
DMDEDUC23:LBDCOTLC1             -0.685666924  -1.549560525  0.178226676
DMDEDUC24:LBDCOTLC1             -0.564312487  -1.393073920  0.264448946
DMDEDUC25:LBDCOTLC1             -0.269967413  -1.340267349  0.800332523
DMDEDUC22:ALQ1012                0.102491056  -1.155441721  1.360423832
DMDEDUC23:ALQ1012                0.146844135  -1.148740255  1.442428525
DMDEDUC24:ALQ1012               -0.351128652  -1.533888322  0.831631017
DMDEDUC25:ALQ1012                0.093291369  -0.825139237  1.011721974
DMDMARTL2:age_cluster2           0.201126054  -2.841534511  3.243786619
DMDMARTL3:age_cluster2           0.049269153  -1.149586470  1.248124776
DMDMARTL4:age_cluster2          -1.190726597  -2.234660301 -0.146792893
DMDMARTL5:age_cluster2          -0.208577979  -0.641244443  0.224088485
DMDMARTL6:age_cluster2           0.212032515  -0.444271946  0.868336975
DMDMARTL2:age_cluster3          -0.375283883  -3.120144893  2.369577127
DMDMARTL3:age_cluster3           0.009121445  -1.097803818  1.116046708
DMDMARTL4:age_cluster3          -1.152947741  -3.770101539  1.464206057
DMDMARTL5:age_cluster3           0.680412508  -0.592062513  1.952887530
DMDMARTL6:age_cluster3           2.540504238   0.094486456  4.986522021
DMDMARTL2:FIPR_cluster2          2.495653738   0.666421068  4.324886409
DMDMARTL3:FIPR_cluster2          0.289112216  -0.900108064  1.478332496
DMDMARTL4:FIPR_cluster2          0.277239182  -1.370882901  1.925361264
DMDMARTL5:FIPR_cluster2         -0.194717968  -1.183429644  0.793993709
DMDMARTL6:FIPR_cluster2          0.569018075  -0.462668326  1.600704476
DMDMARTL2:FIPR_cluster3          1.233570351  -0.871436131  3.338576832
DMDMARTL3:FIPR_cluster3          0.199241156  -0.677551316  1.076033628
DMDMARTL4:FIPR_cluster3          0.934535438   0.003248514  1.865822363
DMDMARTL5:FIPR_cluster3          0.394444203  -0.442164099  1.231052505
DMDMARTL6:FIPR_cluster3          0.142873493  -0.835201823  1.120948808
DMDMARTL2:BMI_category1         -1.367930904 -28.840628095 26.104766287
DMDMARTL3:BMI_category1         19.519403511  -9.083214186 48.122021208
DMDMARTL4:BMI_category1          8.315524077  -7.719672674 24.350720827
DMDMARTL5:BMI_category1        -13.343960986 -35.650604440  8.962682468
DMDMARTL6:BMI_category1        -20.293464252 -37.140215807 -3.446712698
DMDMARTL2:BMI_category2          0.048098232  -1.055124770  1.151321233
DMDMARTL3:BMI_category2         -0.823696173  -1.444945963 -0.202446383
DMDMARTL4:BMI_category2          0.007336048  -0.823374552  0.838046649
DMDMARTL5:BMI_category2          0.186564426  -0.664093909  1.037222762
DMDMARTL6:BMI_category2          0.554534890  -0.657886371  1.766956152
DMDMARTL2:BMI_category3         -0.570269221  -1.701334670  0.560796228
DMDMARTL3:BMI_category3         -0.058966674  -0.587729428  0.469796080
DMDMARTL4:BMI_category3          1.277651128   0.193301217  2.362001040
DMDMARTL5:BMI_category3          0.497851161  -0.208309800  1.204012122
DMDMARTL6:BMI_category3          1.033200250  -0.532510665  2.598911165
DMDMARTL2:LBDCOTLC1              0.476073542  -1.012733723  1.964880806
DMDMARTL3:LBDCOTLC1             -0.067435698  -1.012546554  0.877675159
DMDMARTL4:LBDCOTLC1              0.294042749  -1.143389930  1.731475428
DMDMARTL5:LBDCOTLC1              0.943161709   0.133729799  1.752593619
DMDMARTL6:LBDCOTLC1              1.190366371   0.315459902  2.065272841
DMDMARTL2:ALQ1012                0.249289642  -0.800685775  1.299265060
DMDMARTL3:ALQ1012               -0.088183867  -0.827218465  0.650850731
DMDMARTL4:ALQ1012               -0.818625398  -2.442421948  0.805171152
DMDMARTL5:ALQ1012               -0.279267018  -0.898619111  0.340085076
DMDMARTL6:ALQ1012               -0.443861647  -1.498382296  0.610659002
age_cluster2:FIPR_cluster2      -0.111621766  -1.054978694  0.831735163
age_cluster3:FIPR_cluster2      -0.180384095  -1.626605111  1.265836921
age_cluster2:FIPR_cluster3      -0.542123445  -1.305598106  0.221351215
age_cluster3:FIPR_cluster3      -0.896560085  -2.020427889  0.227307720
age_cluster2:BMI_category1      -4.493874113 -12.462033931  3.474285704
age_cluster3:BMI_category1      12.257975941 -10.903161644 35.419113525
age_cluster2:BMI_category2       0.188201568  -0.359117891  0.735521027
age_cluster3:BMI_category2       0.495143576  -0.387732390  1.378019543
age_cluster2:BMI_category3      -0.016758686  -0.565433143  0.531915771
age_cluster3:BMI_category3      -0.034842247  -0.934117434  0.864432939
age_cluster2:LBDCOTLC1           0.779873489   0.222396723  1.337350255
age_cluster3:LBDCOTLC1           0.451957127  -0.315800065  1.219714318
age_cluster2:ALQ1012             0.403066707  -0.049233089  0.855366503
age_cluster3:ALQ1012             0.366903288  -0.497237587  1.231044163
FIPR_cluster2:BMI_category1     -4.657304739 -14.370089615  5.055480137
FIPR_cluster3:BMI_category1    -10.910621562 -27.850004493  6.028761368
FIPR_cluster2:BMI_category2      0.560641337  -0.596758118  1.718040792
FIPR_cluster3:BMI_category2      0.813046937   0.119755947  1.506337927
FIPR_cluster2:BMI_category3      0.745852779  -0.103170186  1.594875745
FIPR_cluster3:BMI_category3      1.076532637   0.391872797  1.761192478
FIPR_cluster2:LBDCOTLC1          0.308495509  -0.291931665  0.908922682
FIPR_cluster3:LBDCOTLC1          0.208171304  -0.115891697  0.532234305
FIPR_cluster2:ALQ1012            0.018429459  -0.631233393  0.668092312
FIPR_cluster3:ALQ1012            0.165432059  -0.331315316  0.662179435
BMI_category1:LBDCOTLC1         17.369874486 -11.086040913 45.825789885
BMI_category2:LBDCOTLC1         -0.106549083  -0.804898285  0.591800119
BMI_category3:LBDCOTLC1         -0.057809005  -0.686109556  0.570491546
BMI_category1:ALQ1012           -1.435284281  -6.437820948  3.567252386
BMI_category2:ALQ1012            0.090175814  -0.610502623  0.790854251
BMI_category3:ALQ1012            0.559234854  -0.129345760  1.247815467
LBDCOTLC1:ALQ1012                0.338843573  -0.073639252  0.751326398

  Cutoff Missclassification Sensitivity Specificity       AuC
1   0.54             0.2635   0.7431151   0.7286698 0.8088594

Confusion matrix
The columns are actuals, while rows are predicteds
     0    1
0 1375  569
1  512 1646
